v = [1 2 3 4];
m = [1 2 3; 4 5 6; 7 8 9;];
v2 = [1; 2; 3; 4; 5;];
m2 = rand(3, 2);